500
0 161 -124
0 252 -151
0 374 61
0 437 81
1 24 471
1 138 531
1 254 380
1 279 289
1 284 417
1 323 286
1 342 120
1 448 488
1 449 71
1 455 278
2 58 91
2 184 47
2 231 228
2 317 178
2 330 192
2 334 -43
2 368 49
2 374 205
2 375 231
2 418 -40
2 436 -56
3 77 -35
3 80 204
3 146 323
3 191 -67
3 204 -10
3 239 317
3 251 110
3 295 -163
3 301 224
3 317 227
3 481 71
4 27 411
4 113 287
4 130 292
4 167 396
4 194 211
4 256 359
4 293 314
4 297 398
4 323 268
4 334 294
4 363 300
4 458 86
4 480 395
5 18 327
5 25 226
5 63 192
5 84 48
5 105 236
5 249 225
5 267 222
5 279 129
5 306 -5
5 312 -68
5 331 150
5 339 -82
5 343 132
5 385 105
5 387 -23
5 390 21
5 453 320
5 463 114
6 56 -109
6 193 201
6 235 -25
6 289 18
6 320 -148
6 382 -111
6 386 -154
6 472 -67
7 59 39
7 101 -138
7 144 -27
7 250 97
7 279 11
7 306 -129
7 334 -36
7 339 -197
7 389 73
7 412 -30
7 429 -13
7 439 68
8 17 71
8 25 240
8 66 119
8 101 54
8 127 138
8 143 -179
8 212 -102
8 217 31
8 282 86
8 387 -99
8 388 0
8 398 -138
9 51 -115
9 154 59
9 319 -257
9 346 190
9 395 -188
9 443 13
9 469 -191
10 100 183
10 193 47
10 206 114
10 209 102
10 218 -28
10 338 -293
11 41 -128
11 60 115
11 124 141
11 132 -307
11 159 -66
11 189 21
11 248 -191
11 276 142
11 307 -30
11 335 -227
11 477 -235
12 153 -65
12 217 167
12 328 185
12 339 -76
12 363 68
12 407 224
12 415 49
12 428 -149
12 435 79
12 485 110
12 489 48
12 495 -153
13 210 -158
13 357 -169
13 402 61
13 476 -125
14 141 221
14 288 -33
14 299 204
14 367 283
14 373 -41
14 389 154
14 425 -23
14 476 -43
14 486 197
15 126 116
15 144 64
15 163 343
15 192 341
15 201 122
15 236 281
15 266 117
15 305 283
15 367 403
15 430 253
15 442 95
15 473 435
15 476 132
15 489 242
16 89 185
16 189 311
16 209 401
16 241 367
16 297 512
16 359 318
16 389 354
16 397 368
16 499 242
17 87 -61
17 143 -141
17 166 -149
17 173 75
17 185 -117
17 227 188
17 317 63
17 322 -22
17 423 23
17 436 -62
18 4 -185
18 62 -18
18 71 95
18 87 3
18 115 -139
18 205 175
18 219 135
18 225 -76
18 237 112
18 337 175
18 342 -104
18 378 179
18 470 -76
18 494 -59
19 73 -54
19 228 142
19 286 123
19 294 14
19 336 65
19 343 102
19 418 147
19 425 186
20 66 109
20 98 28
20 129 -79
20 198 -26
20 235 -101
20 262 101
20 323 0
20 328 235
20 331 -29
20 342 -207
20 359 -94
20 391 -23
20 407 176
20 425 20
20 429 -89
21 108 410
21 153 267
21 192 466
21 285 411
21 309 208
21 325 437
21 356 212
21 459 310
21 489 429
22 28 -96
22 51 -163
22 108 -37
22 304 -105
22 317 106
22 333 -88
22 343 -68
22 360 -196
22 372 -313
22 386 -326
22 443 -117
22 479 -104
23 42 -52
23 44 211
23 173 238
23 222 -126
23 255 225
23 299 229
23 327 1
23 334 112
23 340 -11
23 457 43
23 461 17
23 464 -47
24 4 -335
24 78 -134
24 93 8
24 149 105
24 157 -127
24 194 14
24 320 -117
24 380 -60
24 435 15
24 477 -224
24 493 -81
25 5 -43
25 77 -124
25 195 -5
25 211 38
25 220 -113
25 229 -134
25 284 140
25 305 -24
25 352 -129
25 361 23
25 447 -21
26 6 362
26 83 328
26 173 318
26 184 250
26 208 307
26 272 209
26 308 97
26 313 362
26 314 82
26 329 199
26 429 186
27 101 -112
27 193 138
27 244 80
27 365 -121
27 367 145
27 378 42
27 434 -124
28 2 248
28 17 254
28 86 64
28 169 23
28 184 19
28 244 238
28 376 103
28 472 110
29 3 220
29 50 116
29 156 17
29 169 337
29 268 308
29 318 423
29 345 56
29 381 223
29 425 258
29 428 37
29 429 147
30 20 144
30 68 202
30 74 -1
30 100 312
30 124 202
30 163 233
30 350 -37
30 382 194
30 441 202
30 487 243
31 122 81
31 199 101
31 209 308
31 265 143
31 378 296
32 23 66
32 59 70
32 79 292
32 96 37
32 145 -80
32 189 197
32 198 -45
32 202 245
32 229 -57
32 320 59
32 352 -42
32 476 58
32 499 213
33 46 221
33 91 -1
33 244 78
33 320 -79
33 349 28
33 402 180
33 468 -61
33 483 -230
34 31 142
34 113 239
34 278 473
34 353 265
34 406 90
34 407 369
34 441 383
34 452 413
35 73 -166
35 101 -194
35 127 97
35 185 -65
35 269 -71
35 278 119
35 448 204
35 493 -64
36 0 537
36 67 177
36 116 333
36 147 426
36 161 175
36 175 411
36 195 263
36 265 326
36 315 457
36 331 263
36 342 205
36 378 376
36 397 510
36 453 397
37 15 137
37 107 75
37 132 74
37 146 393
37 168 239
37 178 358
37 188 -8
37 321 439
37 349 270
37 390 141
37 475 315
37 497 -9
38 87 189
38 135 326
38 172 232
38 175 228
38 198 77
38 248 -14
38 252 67
38 309 53
38 349 295
38 488 54
38 489 234
39 6 -49
39 67 -145
39 225 -118
39 269 -83
39 310 -207
39 329 -57
39 359 -60
39 425 -177
39 499 5
40 7 195
40 60 313
40 76 406
40 80 348
40 194 200
40 210 4
40 238 58
40 307 216
40 352 50
40 400 398
40 443 206
40 459 192
40 490 60
41 2 241
41 156 75
41 206 202
41 215 393
41 231 329
41 280 275
41 308 111
41 448 246
42 29 79
42 54 181
42 57 426
42 64 104
42 113 143
42 126 64
42 225 274
42 235 114
42 451 266
43 49 -54
43 131 109
43 249 232
43 372 -154
43 450 79
44 37 -67
44 45 142
44 249 21
44 394 204
44 442 -194
44 451 81
45 48 -175
45 50 -115
45 57 157
45 150 23
45 163 162
45 186 108
45 231 182
45 337 52
45 389 -72
45 442 -212
46 59 -103
46 157 -98
46 221 56
46 276 74
46 284 79
46 398 -240
46 449 -204
46 468 -98
47 18 190
47 54 154
47 66 270
47 109 325
47 122 123
47 234 233
47 289 231
47 373 -74
47 476 -3
48 104 253
48 183 226
48 370 283
48 377 458
48 462 398
49 46 474
49 134 143
49 183 119
49 244 430
49 353 338
49 386 162
49 401 206
49 430 343
50 5 158
50 122 251
50 180 271
50 184 220
50 324 183
50 398 188
50 402 416
50 438 170
50 453 467
50 467 387
51 2 259
51 69 427
51 95 273
51 97 319
51 184 150
51 223 406
51 288 192
51 369 248
51 382 184
51 402 498
51 408 172
51 432 324
51 444 380
51 467 418
52 5 162
52 25 293
52 54 210
52 71 387
52 86 119
52 94 294
52 140 120
52 233 269
52 330 347
52 338 70
52 364 250
52 420 276
52 434 146
52 472 253
52 485 263
53 77 -8
53 129 69
53 147 244
53 243 119
53 272 104
53 279 217
53 381 80
53 450 132
53 487 300
54 38 33
54 63 296
54 115 69
54 150 182
54 156 -54
54 234 181
54 242 225
54 329 194
54 345 -30
54 364 288
54 427 448
54 470 -48
54 493 153
54 495 -45
55 77 -317
55 269 -176
55 276 169
55 280 6
55 335 -186
55 370 -51
55 388 -232
55 414 17
55 458 -231
55 469 -209
56 26 -54
56 40 86
56 71 218
56 126 -37
56 150 188
56 219 400
56 226 237
56 341 -18
56 455 179
56 457 219
56 487 199
57 38 -167
57 116 -205
57 122 15
57 129 -52
57 170 -282
57 181 -51
57 201 -84
57 234 -147
57 283 -122
57 322 -225
57 336 -165
57 360 -175
57 382 -169
57 389 -118
58 65 223
58 121 46
58 153 84
58 339 -173
58 426 62
58 482 33
58 493 27
59 49 -33
59 126 -1
59 152 136
59 223 282
59 311 -116
59 423 139
59 497 -91
60 57 201
60 105 124
60 203 -189
60 226 112
60 253 161
60 370 32
60 440 36
60 461 -135
60 493 57
61 16 -26
61 48 31
61 49 73
61 118 236
61 123 97
61 203 64
61 263 1
61 281 55
61 313 223
61 402 474
61 416 259
61 432 283
61 452 340
61 464 161
61 480 232
62 56 40
62 70 -60
62 84 -197
62 99 -21
62 165 -206
62 190 128
62 256 115
62 262 -42
62 290 93
62 355 33
62 408 -107
62 412 -101
62 446 -198
63 6 178
63 38 -151
63 58 3
63 66 32
63 106 -294
63 163 157
63 172 -25
63 209 88
63 225 -73
63 244 118
63 247 -95
63 264 -47
63 342 -151
63 388 -78
63 439 21
63 458 -201
63 470 -223
63 495 -226
64 4 97
64 43 365
64 165 160
64 203 178
64 216 -41
64 223 419
64 311 38
64 342 82
64 363 264
64 390 46
64 416 87
65 138 201
65 202 109
65 250 -6
65 266 -165
65 291 131
65 324 -193
65 475 -3
65 496 -227
66 45 198
66 46 258
66 128 175
66 165 6
66 192 146
66 234 141
66 245 247
66 274 -137
66 424 67
66 472 70
66 492 135
67 58 224
67 73 145
67 87 254
67 115 122
67 136 163
67 158 125
67 222 -18
67 258 163
67 285 494
67 383 338
67 416 200
67 420 276
67 425 129
68 6 145
68 85 -89
68 132 -160
68 147 135
68 220 -207
68 244 149
68 251 -72
68 335 -158
68 379 -110
69 72 9
69 254 58
69 408 -21
69 483 -97
70 30 97
70 148 322
70 162 109
70 211 125
70 228 244
70 229 -77
70 244 155
70 321 163
70 359 78
70 420 86
70 423 -19
70 438 -5
70 456 245
70 463 75
71 52 -129
71 69 25
71 242 83
71 243 -95
71 291 134
71 344 -130
71 358 -19
71 370 -10
71 416 -17
71 423 23
71 450 67
72 0 110
72 11 130
72 131 99
72 181 18
72 210 -189
72 265 -81
72 309 -159
72 315 134
72 327 -96
72 358 -119
72 390 -93
72 444 127
72 467 193
72 499 55
73 31 194
73 59 156
73 97 252
73 102 297
73 294 90
73 307 270
73 467 359
73 499 281
74 78 171
74 118 337
74 136 140
74 145 53
74 169 220
74 219 345
74 238 225
74 388 156
74 490 198
75 14 -21
75 58 -19
75 72 4
75 103 -48
75 143 -278
75 255 65
75 382 -71
76 105 -17
76 120 12
76 170 -192
76 176 -205
76 231 53
76 282 12
76 284 119
76 335 -219
77 38 44
77 180 349
77 211 348
77 303 219
77 333 164
77 392 263
77 409 238
77 448 427
77 453 484
77 472 232
77 480 250
77 493 227
78 97 115
78 113 83
78 168 175
78 225 67
78 239 193
78 373 -85
78 381 -65
78 442 -132
79 3 8
79 83 -96
79 90 -94
79 184 -231
79 311 -208
79 316 86
79 359 -168
79 434 -59
79 440 43
79 467 156
79 474 46
80 85 -50
80 126 -91
80 140 -97
80 149 182
80 168 -21
80 177 194
80 181 153
80 332 -165
80 344 -64
80 366 78
80 394 236
81 22 100
81 109 -100
81 151 85
81 224 24
81 346 153
81 382 -16
81 464 -280
82 4 -309
82 28 -67
82 51 -194
82 79 91
82 114 -178
82 122 -88
82 192 123
82 193 78
82 237 -47
82 248 -269
82 371 -285
82 387 -181
82 419 -132
82 447 -150
83 46 205
83 91 81
83 254 104
83 277 -136
83 290 158
84 6 401
84 40 235
84 97 241
84 147 385
84 149 343
84 204 219
84 266 125
84 354 144
84 427 492
84 449 211
84 460 289
84 480 375
85 135 212
85 256 108
85 291 282
85 371 -77
86 273 216
86 277 29
86 287 352
86 326 211
86 452 406
86 457 252
86 489 253
87 93 259
87 104 133
87 116 169
87 133 -56
87 272 87
87 422 48
87 423 18
88 12 120
88 63 389
88 112 220
88 163 407
88 189 211
88 296 216
88 406 37
88 475 361
89 11 359
89 43 408
89 73 79
89 84 124
89 101 197
89 173 394
89 175 230
89 236 169
89 402 501
89 456 437
89 464 158
89 485 295
90 17 277
90 63 243
90 193 342
90 217 118
91 61 77
91 103 183
91 190 250
91 247 38
91 321 232
91 332 -18
91 342 -94
92 176 87
92 183 -89
92 197 371
92 210 71
92 230 195
92 336 145
92 433 236
93 428 -198
93 452 198
93 465 15
94 24 354
94 48 -115
94 239 183
94 314 -84
94 339 -39
94 453 176
94 486 205
95 41 -58
95 55 268
95 159 5
95 172 81
95 186 105
95 220 -17
95 228 167
95 449 -114
95 490 -189
95 499 90
96 3 114
96 37 -53
96 67 74
96 222 -95
96 254 292
96 269 205
96 360 -63
96 403 305
96 427 372
96 461 89
97 23 112
97 32 148
97 79 316
97 101 -18
97 188 -71
97 243 31
97 311 -24
97 312 -1
97 364 256
97 414 181
97 493 152
98 8 171
98 47 28
98 168 80
98 298 50
98 327 -69
98 373 54
98 402 310
98 441 170
98 498 60
99 6 237
99 27 234
99 116 100
99 139 199
99 168 281
99 174 -26
99 292 138
99 299 296
99 319 105
99 393 38
99 422 152
99 474 341
99 485 297
99 488 -22
100 69 172
100 120 80
100 123 -187
100 185 -122
100 188 -129
100 228 -31
100 285 199
100 308 -68
100 432 17
100 491 -243
101 42 81
101 50 78
101 148 338
101 156 7
101 177 309
101 221 239
101 330 356
101 336 279
101 377 316
101 455 153
101 478 52
102 12 184
102 16 -94
102 52 -1
102 85 117
102 133 -104
102 141 263
102 146 343
102 185 55
102 325 231
102 404 269
102 472 124
103 25 312
103 112 116
103 197 317
103 230 198
103 231 252
103 242 142
103 254 222
103 324 2
103 348 259
103 353 203
103 355 65
103 425 89
103 468 10
104 83 248
104 149 411
104 193 286
104 204 117
104 319 -44
104 330 366
104 333 94
104 372 67
104 456 258
104 484 37
105 11 242
105 47 -17
105 85 76
105 131 14
105 134 -80
105 177 109
105 184 -80
105 188 -111
105 222 -161
105 226 194
105 228 160
105 237 21
105 281 -87
105 288 -144
105 428 -213
105 454 -69
105 489 155
106 48 -11
106 205 423
106 242 277
106 259 439
106 267 504
106 321 429
106 330 366
106 397 356
107 348 343
107 356 187
108 19 -61
108 20 21
108 66 52
108 77 -187
108 141 62
108 166 -120
108 173 27
108 223 163
108 334 34
108 348 81
108 378 164
108 426 58
108 435 155
108 470 -264
109 38 -94
109 51 -67
109 53 87
109 57 216
109 85 -67
109 124 245
109 210 -103
109 236 86
109 260 237
109 330 149
109 354 -43
109 404 129
109 491 -219
110 49 102
110 52 8
110 177 266
110 188 65
110 269 178
110 355 222
110 474 247
110 491 91
111 35 91
111 39 218
111 42 -144
111 101 -55
111 137 -117
111 183 -88
111 199 -118
111 202 314
111 244 166
111 280 74
111 357 -76
111 470 -115
111 483 -196
112 41 -26
112 114 76
112 150 -41
112 212 -62
112 228 116
112 229 -147
112 234 118
112 253 100
112 378 190
112 382 7
112 430 148
112 447 -68
113 5 -8
113 165 -206
113 262 -11
113 305 63
113 340 -18
113 375 278
113 379 74
113 453 199
114 7 231
114 87 -1
114 107 -25
114 219 272
114 325 216
114 344 -47
114 418 -67
114 447 99
114 477 -68
115 6 314
115 85 157
115 198 154
115 242 300
115 245 295
115 257 7
115 298 45
115 322 184
115 359 228
115 457 242
116 84 15
116 156 95
116 172 45
116 195 160
116 253 173
116 271 425
117 18 119
117 73 -228
117 185 -59
117 222 -165
117 261 -55
117 306 -169
117 313 129
117 356 -170
117 372 -193
117 496 -208
118 88 -150
118 134 -48
118 155 71
118 381 -152
118 421 -164
118 427 103
118 479 2
119 69 112
119 73 -140
119 127 11
119 133 -200
119 181 109
119 196 5
119 281 -142
119 381 -29
119 429 -111
119 460 16
119 485 110
119 497 -162
120 61 -212
120 96 -120
120 171 -5
120 175 -5
120 237 -29
120 238 -247
120 254 131
120 264 -141
120 301 57
120 318 12
120 346 56
120 380 10
120 418 -54
120 424 -22
120 460 -62
121 182 253
121 214 -90
121 280 286
121 292 -71
121 329 98
121 338 2
121 416 126
121 428 -113
121 444 343
121 449 -103
121 491 20
122 45 80
122 56 101
122 77 15
122 84 -100
122 92 8
122 172 -16
122 212 -128
122 258 -37
122 473 199
122 495 -32
123 4 -24
123 30 235
123 141 228
123 150 198
123 250 145
123 367 335
123 398 46
123 411 123
124 7 31
124 32 25
124 83 -65
124 94 -4
124 106 -169
124 110 -194
124 175 -75
124 216 -261
124 247 -117
124 251 -149
124 270 -152
124 309 -243
124 323 -232
124 399 57
124 493 42
125 82 187
125 149 127
125 179 -103
125 214 -20
125 318 286
125 323 -138
125 461 35
126 18 378
126 44 301
126 135 230
126 210 -24
126 220 207
126 231 382
126 317 364
126 415 147
126 428 106
126 465 206
126 478 -12
127 299 -41
127 315 247
127 317 97
127 370 164
127 396 262
127 434 119
127 446 -65
128 36 -148
128 134 -59
128 194 115
128 210 -143
128 275 -82
128 327 -3
128 346 232
128 380 134
128 421 100
128 487 177
128 491 -59
129 29 8
129 61 117
129 83 198
129 125 139
129 162 141
129 205 301
129 242 242
129 296 338
129 448 292
130 46 101
130 211 72
130 341 -170
130 410 160
130 459 42
130 462 96
131 103 165
131 106 -177
131 115 76
131 182 167
131 189 276
131 282 164
131 314 44
132 16 139
132 35 408
132 47 255
132 133 43
132 159 164
132 175 259
132 183 178
132 192 378
132 257 61
132 258 151
132 294 137
132 298 109
132 303 253
132 394 387
132 490 130
133 62 337
133 100 344
133 164 389
133 247 214
133 249 391
133 308 252
133 354 86
133 392 377
133 397 428
133 405 55
133 442 77
133 451 376
133 460 249
133 493 231
133 497 71
133 499 328
134 90 256
134 118 347
134 184 205
134 226 247
134 272 296
134 289 419
134 386 0
134 429 242
134 479 109
135 93 219
135 113 179
135 223 251
135 227 244
135 321 194
135 387 -96
135 424 236
136 0 332
136 103 155
136 123 142
136 130 359
136 202 411
136 249 398
136 266 241
136 269 220
136 270 167
136 273 250
136 308 169
136 316 290
136 355 235
136 382 158
136 388 72
137 16 168
137 108 471
137 188 43
137 238 137
137 317 325
137 356 79
137 379 131
137 404 393
137 480 333
138 54 -230
138 76 84
138 191 -216
138 440 -75
138 481 -29
139 41 -9
139 61 -30
139 86 6
139 92 85
139 93 193
139 166 -148
139 211 84
139 215 195
139 217 92
139 246 46
139 254 117
139 404 91
139 422 -96
139 451 196
139 455 -29
139 473 257
140 92 160
140 110 53
140 119 313
140 138 389
140 170 -52
140 198 143
140 319 -101
140 386 -39
140 390 -22
140 432 199
141 28 115
141 146 189
141 273 102
141 349 189
141 370 211
141 397 185
141 405 -53
141 462 250
141 483 -109
142 28 -24
142 71 35
142 76 11
142 77 -180
142 79 117
142 94 -60
142 95 -76
142 99 -190
142 109 69
142 171 100
142 320 -161
142 337 -6
142 423 -58
143 55 415
143 77 101
143 120 513
143 161 239
143 203 261
143 282 340
143 318 436
143 440 431
143 457 324
144 82 392
144 88 117
144 105 205
144 229 -49
144 232 396
144 252 45
144 253 178
144 296 271
144 297 297
144 453 460
145 14 122
145 125 187
145 143 26
145 240 120
145 263 113
145 285 453
145 296 276
146 7 20
146 17 -54
146 22 43
146 27 110
146 65 65
146 80 4
146 110 -77
146 302 31
146 405 -304
146 420 -176
146 479 -210
147 184 -97
147 205 123
147 207 41
147 335 -146
147 422 38
147 457 25
148 18 84
148 94 45
148 151 182
148 294 -147
148 385 -154
148 407 67
148 412 -141
148 435 70
148 466 -97
148 493 -137
149 18 157
149 43 77
149 99 -169
149 123 -128
149 320 -109
149 389 -141
149 477 -179
149 486 65
149 489 115
150 20 229
150 31 24
150 145 62
150 158 104
150 161 130
150 197 385
150 286 143
150 377 266
150 425 85
150 458 112
150 459 228
151 62 13
151 126 -195
151 180 85
151 274 -189
151 312 -122
151 327 -210
151 390 -106
151 410 -15
151 490 -162
151 499 -96
152 16 -38
152 17 289
152 46 330
152 108 174
152 118 261
152 143 1
152 167 332
152 209 180
152 329 87
152 451 244
153 51 -16
153 132 -93
153 145 -8
153 168 113
153 205 281
153 215 293
153 257 105
153 272 175
153 297 256
153 353 250
153 450 215
154 67 -62
154 77 -266
154 80 109
154 129 -49
154 138 195
154 155 115
154 192 176
154 193 187
154 283 71
154 452 205
154 476 -71
154 478 -238
155 29 -51
155 49 -56
155 62 142
155 421 -58
155 467 127
155 491 -191
156 29 119
156 31 221
156 57 330
156 84 -11
156 110 97
156 279 279
156 294 28
156 472 171
157 45 279
157 142 272
157 149 268
157 155 239
157 211 224
157 234 145
157 429 116
158 14 91
158 32 148
158 65 391
158 109 176
158 165 -18
158 186 198
158 226 222
158 285 370
158 287 332
158 491 23
159 19 8
159 40 -79
159 44 295
159 77 -51
159 141 182
159 240 -21
159 254 256
159 295 -122
159 326 125
159 329 172
159 414 190
160 6 288
160 55 322
160 96 116
160 201 42
160 205 380
160 328 310
160 427 443
160 434 129
160 453 434
161 103 89
161 175 134
161 235 -1
161 236 131
161 253 213
161 257 36
161 282 125
161 288 -87
161 324 -23
161 330 103
161 397 215
161 403 241
162 13 204
162 54 67
162 101 -136
162 164 114
162 250 28
162 259 246
162 431 88
163 153 -151
163 179 -233
163 207 -212
163 212 -131
163 225 24
163 228 48
163 239 -32
163 274 -230
163 308 -230
163 319 -209
163 391 -101
163 417 -102
163 454 -192
163 459 -121
163 493 -160
163 496 -106
164 0 124
164 34 -209
164 45 74
164 92 -140
164 131 -87
164 174 -188
164 211 131
164 215 99
164 225 56
164 352 -106
164 366 172
164 371 -183
164 410 -43
164 415 -34
165 27 302
165 67 140
165 184 291
165 263 80
165 299 361
165 361 312
165 401 147
165 471 102
166 81 513
166 131 355
166 145 53
166 259 336
166 326 122
166 356 102
166 453 507
167 2 -75
167 215 75
167 288 -145
167 291 62
167 336 -73
167 402 45
167 478 -169
167 499 -72
168 16 -78
168 50 57
168 76 222
168 79 317
168 154 151
168 177 243
168 229 0
168 243 56
168 261 -52
168 264 24
168 286 27
168 295 19
168 298 -108
168 320 -28
168 336 130
168 404 145
169 87 110
169 127 162
169 133 -46
169 208 240
169 212 33
169 259 313
169 374 229
169 376 67
169 440 144
169 456 240
169 498 -33
170 2 435
170 5 231
170 7 415
170 143 171
170 203 185
170 233 265
170 311 69
170 350 204
170 455 374
170 459 399
170 485 350
171 108 47
171 142 107
171 164 197
171 221 89
171 235 -97
171 274 -232
171 380 141
171 403 14
171 447 -133
171 454 -200
171 468 -105
172 44 245
172 72 293
172 226 173
172 370 257
172 374 152
172 382 27
172 419 93
172 456 264
173 12 14
173 128 103
173 140 -71
173 200 -38
173 261 -134
173 336 -102
173 361 19
173 364 99
173 408 -58
174 69 277
174 77 189
174 121 201
174 172 216
174 211 258
174 226 431
174 370 358
174 409 293
174 475 310
175 18 262
175 38 -111
175 62 96
175 71 278
175 85 14
175 210 -9
175 349 233
175 364 196
175 374 205
175 409 122
175 416 72
175 454 -165
175 476 -78
176 207 81
176 212 156
176 214 -36
176 337 227
176 378 218
176 380 313
176 488 97
177 96 -118
177 104 -15
177 157 18
177 234 110
177 242 20
177 312 -235
177 327 -231
177 428 -256
178 42 -178
178 68 76
178 199 -209
178 208 -6
178 232 164
178 273 -60
178 278 201
178 307 -111
178 413 -33
179 6 428
179 14 210
179 187 211
179 328 344
179 438 130
179 480 285
180 14 -118
180 39 198
180 79 73
180 173 68
180 250 32
180 296 25
180 371 -236
180 422 -213
180 440 -42
180 498 -180
181 73 -141
181 93 86
181 106 -70
181 114 -54
181 185 -21
181 201 -79
181 222 -50
181 230 60
181 237 104
181 320 -29
181 326 68
181 341 4
181 344 -108
181 391 30
181 477 -169
181 486 221
182 0 198
182 98 19
182 110 -154
182 131 77
182 204 1
182 221 37
182 252 -139
182 285 192
182 406 -9
182 427 160
182 461 -120
183 66 164
183 90 193
183 91 307
183 142 379
183 145 160
183 201 170
183 233 317
183 280 294
183 286 161
183 372 27
183 418 68
183 437 267
183 447 101
184 7 148
184 84 34
184 137 -47
184 191 -47
184 198 170
184 319 67
184 466 117
185 136 -40
185 155 290
185 215 310
185 243 235
185 268 139
185 416 136
185 441 304
186 54 21
186 147 118
186 208 152
186 221 172
186 227 256
186 240 94
186 409 123
186 446 -131
186 490 28
187 1 -212
187 98 133
187 159 150
187 168 -3
187 364 129
187 436 -103
187 456 324
187 475 135
188 49 83
188 98 149
188 110 174
188 151 429
188 196 286
188 206 233
188 277 141
188 395 75
188 458 171
188 485 381
188 492 154
189 132 -241
189 168 10
189 254 92
189 270 -85
189 315 64
189 352 -154
189 377 139
189 482 -67
190 12 -40
190 25 121
190 210 -217
190 263 -258
190 285 130
190 353 57
190 367 51
190 400 131
190 448 38
190 476 -93
191 75 333
191 90 342
191 104 143
191 117 354
191 163 508
191 241 374
191 369 337
191 461 159
191 473 504
192 126 -210
192 180 46
192 270 -75
192 295 -191
192 307 -11
192 331 -166
192 351 88
192 384 23
192 445 103
192 497 -289
193 151 52
193 319 -178
194 14 -12
194 41 40
194 87 79
194 118 190
194 193 191
194 296 242
194 401 -62
195 9 325
195 131 155
195 213 10
195 231 189
195 243 35
195 268 36
195 323 52
195 362 -48
195 381 95
195 384 95
195 388 -62
195 413 -17
195 451 255
195 458 11
196 27 106
196 100 156
196 139 -24
196 152 -62
196 222 -167
196 334 -35
196 373 -109
196 396 102
196 451 174
196 459 80
196 491 -133
197 8 -50
197 141 9
197 186 -92
197 205 209
197 221 25
197 368 58
197 488 -320
198 158 230
198 192 267
198 239 405
198 410 347
198 415 47
198 420 185
198 499 216
199 6 260
199 21 58
199 26 11
199 52 -10
199 96 203
199 233 318
199 245 393
199 418 177
200 5 153
200 34 43
200 102 215
200 113 284
200 146 364
200 151 340
200 227 359
200 247 102
200 329 132
200 409 230
200 487 277
201 200 154
201 280 233
202 42 -108
202 44 29
202 155 -80
202 185 -203
202 196 -10
202 274 -334
202 320 -245
202 368 -49
202 378 -33
202 431 -70
202 458 -197
203 111 191
203 122 184
203 149 351
203 174 7
203 234 255
203 235 56
203 287 381
203 320 154
203 324 222
203 351 412
203 397 297
203 414 356
203 422 185
203 459 252
204 129 112
204 130 146
204 151 354
204 174 -83
204 187 170
204 191 -142
204 197 210
204 216 -19
204 219 185
204 257 -62
204 266 88
204 273 108
204 383 320
204 387 -51
204 473 322
205 16 -239
205 17 40
205 139 -75
205 153 -15
205 177 109
205 184 -189
205 208 -42
205 223 38
205 252 -298
205 298 -250
205 427 123
205 450 -15
206 36 -215
206 65 148
206 155 106
206 255 216
206 284 219
206 304 -5
206 316 144
206 364 130
206 396 316
207 173 317
207 287 353
207 307 104
207 343 240
207 425 51
208 129 62
208 172 -20
208 194 -45
208 200 -96
208 249 156
208 397 245
208 433 30
209 23 -15
209 69 183
209 136 -198
209 167 128
209 176 -22
209 324 -89
209 408 55
209 418 -51
209 474 161
210 145 202
210 166 200
210 267 507
210 322 120
210 333 184
210 381 273
210 384 282
210 406 133
210 440 358
210 457 221
211 2 103
211 9 111
211 29 -168
211 42 -135
211 169 -16
211 328 70
211 336 -38
211 361 160
211 383 224
211 417 22
211 435 179
212 166 125
212 241 237
212 254 290
212 348 298
212 367 414
212 420 129
213 50 191
213 88 250
213 214 27
213 269 225
213 369 140
213 402 441
213 407 418
213 408 174
213 435 262
213 447 131
213 463 147
213 469 76
214 7 317
214 21 51
214 86 183
214 87 189
214 141 333
214 147 251
214 246 127
214 344 81
214 350 34
214 394 454
214 409 264
214 426 313
215 108 69
215 112 70
215 114 -44
215 248 -138
215 284 182
215 492 -176
216 123 248
216 144 121
216 245 368
216 253 345
216 360 228
216 379 286
216 382 250
216 418 226
216 419 398
216 446 78
216 464 172
216 484 149
216 486 479
217 34 -152
217 78 -37
217 88 -52
217 144 -6
217 198 34
217 202 288
217 204 26
217 326 28
217 332 -21
217 393 5
218 44 99
218 54 -12
218 86 25
218 259 107
218 262 29
218 317 243
218 318 295
218 321 89
218 347 -70
218 353 219
218 370 102
218 371 -166
218 475 193
219 186 7
219 286 -80
219 382 -95
219 434 -151
219 474 -48
219 485 26
220 28 148
220 45 295
220 56 176
220 105 315
220 157 101
220 319 31
220 327 -44
220 344 104
220 390 -21
220 459 138
220 484 85
220 487 390
221 4 -117
221 149 151
221 156 -180
221 212 -139
221 214 -11
221 279 14
221 299 72
221 300 -22
221 372 -243
221 397 102
221 447 10
222 50 127
222 84 81
222 115 160
222 242 357
222 244 336
222 357 147
222 364 355
223 12 52
223 36 -159
223 79 142
223 137 -178
223 156 -114
223 215 82
223 282 -106
223 283 89
223 309 -111
223 327 -240
223 328 121
223 340 -181
223 448 101
223 483 -222
224 125 113
224 131 112
224 134 -145
224 138 133
224 213 -161
224 216 -168
224 312 -193
224 334 -47
224 346 269
224 368 137
224 405 -160
225 18 161
225 26 -135
225 75 179
225 116 54
225 233 179
225 343 -22
225 369 25
225 390 -80
225 424 169
226 106 -266
226 191 -205
226 197 147
226 308 -189
226 399 88
226 437 91
226 493 -122
227 42 -133
227 49 -152
227 80 139
227 141 120
227 170 -113
227 367 131
227 398 -183
227 484 -93
228 78 30
228 89 -169
228 94 127
228 100 185
228 102 96
228 118 232
228 144 16
228 172 34
228 258 17
228 336 23
228 342 -170
228 347 -40
228 374 178
228 381 75
228 394 147
228 445 208
228 457 -28
229 2 413
229 68 468
229 79 476
229 139 231
229 207 236
229 233 236
229 253 320
229 324 295
229 348 290
229 371 201
229 393 111
229 484 171
230 11 137
230 44 88
230 67 -109
230 130 136
230 203 29
230 229 -113
230 318 130
230 374 86
230 385 -66
230 430 96
230 488 -98
231 38 -159
231 123 -155
231 129 -103
231 209 22
231 217 35
231 248 -287
231 393 -62
231 428 -167
231 431 51
232 70 26
232 215 204
232 253 42
232 305 5
232 340 -141
232 344 -162
232 373 -253
232 395 -187
232 480 -40
233 111 86
233 113 77
233 125 55
233 151 128
233 159 27
233 175 146
233 254 99
233 390 -45
233 445 241
233 475 176
233 498 -7
234 43 110
234 59 110
234 90 34
234 119 197
234 304 201
234 342 -37
234 397 248
234 415 48
234 427 324
234 441 43
234 465 -52
234 495 1
235 85 162
235 139 192
235 168 113
235 183 31
235 261 69
235 329 229
235 409 272
235 421 55
235 432 278
235 495 109
236 14 104
236 41 -1
236 71 169
236 121 1
236 131 37
236 135 116
236 186 200
236 193 318
236 311 6
236 400 221
236 447 55
237 0 262
237 43 197
237 188 -146
237 213 -138
237 281 4
237 317 194
237 342 -110
237 359 127
237 380 98
237 397 243
237 429 109
238 128 317
238 189 241
238 222 142
238 264 166
238 394 400
238 396 376
238 431 341
238 440 326
238 462 382
239 46 96
239 135 -18
239 219 162
239 245 134
239 364 74
239 407 53
239 413 -55
239 439 -122
239 463 -135
240 37 68
240 70 156
240 81 311
240 109 114
240 163 220
240 228 175
240 294 -52
240 328 391
240 342 0
240 379 -38
240 392 129
240 418 -1
240 443 201
240 450 106
240 452 255
241 68 276
241 108 243
241 141 58
241 336 132
242 38 -22
242 40 -21
242 75 178
242 165 -60
242 170 -70
242 176 -53
242 210 -106
242 267 323
242 270 -119
242 396 191
242 418 -78
242 436 -108
242 445 302
243 1 -108
243 15 -46
243 17 124
243 38 -40
243 62 84
243 89 -76
243 185 106
243 274 -20
243 287 266
243 388 -39
243 412 -41
243 430 139
243 437 296
244 3 -42
244 51 -192
244 57 170
244 152 45
244 222 -128
244 252 -278
244 269 26
244 354 -108
244 361 131
244 398 -220
244 431 167
244 435 167
244 482 35
244 487 147
245 33 94
245 44 114
245 45 19
245 90 -182
245 179 -118
245 181 48
245 220 -69
245 346 59
245 353 -31
245 415 -77
245 426 -33
246 31 217
246 42 80
246 43 227
246 116 132
246 128 134
246 185 80
246 188 -20
246 211 318
246 247 98
246 297 431
246 306 -17
246 317 342
246 318 224
246 376 9
246 400 333
247 9 465
247 74 4
247 148 456
247 149 438
247 272 224
247 324 258
247 493 180
247 499 284
248 6 481
248 40 221
248 42 179
248 87 314
248 145 208
248 178 315
248 221 343
248 284 559
248 294 216
248 328 469
248 345 137
248 375 543
248 396 516
249 95 18
249 403 32
249 452 93
250 0 235
250 17 208
250 71 302
250 73 -9
250 112 102
250 169 87
250 183 -99
250 219 360
250 395 -40
250 401 75
250 464 -135
250 471 -140
250 474 204
251 9 309
251 11 275
251 47 115
251 67 77
251 147 231
251 271 302
251 322 113
251 338 14
251 350 73
251 404 314
251 469 23
251 472 32
251 476 82
252 95 287
252 133 184
252 230 337
252 273 378
252 292 65
252 364 386
252 413 342
252 428 15
252 463 180
252 478 59
253 4 -165
253 23 91
253 95 147
253 102 -32
253 174 -122
253 277 -218
253 415 -107
253 434 91
253 447 23
253 459 119
254 10 192
254 26 -161
254 108 112
254 167 248
254 178 195
254 200 -25
254 251 28
254 302 56
254 345 -205
254 379 -6
254 420 19
254 425 -73
255 4 -122
255 85 -184
255 96 -165
255 111 34
255 116 -12
255 149 123
255 156 -218
255 182 125
255 199 -193
255 210 -203
255 250 43
255 307 -8
255 410 59
255 447 -141
255 460 -89
255 475 40
256 18 98
256 144 -36
256 162 99
256 245 273
256 255 186
256 303 2
256 332 -77
256 371 -107
256 419 154
256 431 242
256 496 53
257 25 349
257 65 328
257 109 221
257 186 134
257 188 119
257 245 358
257 267 394
257 285 418
257 322 81
257 405 88
257 493 146
258 6 308
258 71 383
258 167 281
258 189 366
258 328 416
258 402 413
258 420 77
258 441 156
259 24 141
259 59 -101
259 64 -258
259 68 66
259 81 161
259 240 -35
259 252 -246
259 297 210
259 302 -37
259 351 -41
259 359 -144
259 427 97
259 478 -182
259 493 -79
260 2 81
260 4 -152
260 43 -21
260 57 69
260 127 48
260 134 -159
260 145 -44
260 262 -12
260 323 -152
260 378 133
260 401 -67
260 437 164
260 494 29
261 10 448
261 37 57
261 43 272
261 70 300
261 71 452
261 92 146
261 110 45
261 206 274
261 365 204
261 369 196
261 376 224
262 52 19
262 79 162
262 105 212
262 143 -146
262 173 242
262 238 47
262 245 192
262 320 57
263 109 322
263 132 225
263 190 359
263 314 102
263 442 187
264 18 368
264 28 271
264 127 170
264 132 88
264 151 292
264 324 52
264 343 89
264 380 273
264 475 312
265 11 250
265 42 -45
265 111 139
265 129 102
265 441 95
266 20 193
266 29 0
266 57 256
266 157 58
266 195 145
266 413 95
266 464 88
267 79 169
267 145 -181
267 174 -116
267 177 -61
267 181 -41
267 216 -277
267 286 -160
267 296 54
267 343 -114
267 351 -39
267 368 43
267 428 -226
267 459 -116
267 468 -58
268 52 -80
268 212 -30
268 247 13
268 255 298
268 272 119
268 362 -146
268 407 145
268 420 65
268 436 -12
268 441 132
269 132 -34
269 210 51
269 212 -96
269 225 162
269 243 33
269 250 166
269 273 120
269 274 -92
269 287 262
269 289 206
269 333 16
269 359 119
269 410 213
269 449 -139
269 488 -57
270 12 204
270 47 158
270 176 74
270 198 186
270 258 155
270 322 102
270 381 101
270 452 356
270 474 241
270 475 281
271 1 -358
271 20 -36
271 122 -124
271 181 -77
271 245 137
271 269 -91
271 288 -165
271 388 -191
271 389 -120
271 497 -250
271 498 -273
272 9 179
272 13 229
272 65 185
272 139 104
272 149 244
272 187 223
272 199 -1
272 368 208
273 103 168
273 151 143
273 166 -25
273 193 273
273 275 37
273 322 58
273 368 90
273 407 187
273 460 26
273 467 196
274 11 356
274 42 202
274 87 169
274 123 92
274 150 155
274 195 156
274 212 70
274 242 253
274 263 134
274 339 -27
274 429 158
274 433 211
274 437 295
274 441 249
274 476 112
274 490 165
275 14 268
275 31 238
275 47 153
275 76 323
275 287 262
275 288 115
275 334 231
275 357 208
275 381 140
275 403 253
275 437 310
275 449 64
275 460 213
275 495 110
276 68 41
276 73 -194
276 90 -168
276 205 108
276 214 -274
276 329 -9
276 356 -147
276 408 -187
276 452 117
276 453 211
276 472 9
277 22 440
277 26 136
277 33 481
277 146 381
277 211 293
277 242 335
277 251 208
277 304 255
277 370 229
277 477 -5
278 24 91
278 25 120
278 74 -332
278 80 -27
278 95 -86
278 111 -6
278 150 -218
278 171 -26
278 394 102
278 445 -1
278 459 -29
278 492 -36
279 0 205
279 9 190
279 16 -133
279 84 -158
279 120 122
279 125 52
279 133 -180
279 248 -139
279 344 -173
279 482 15
280 24 260
280 66 -69
280 78 8
280 132 -61
280 159 -51
280 203 -17
280 245 150
280 282 -11
280 335 -48
280 353 21
280 477 -92
281 37 128
281 97 345
281 148 361
281 220 102
281 270 74
281 311 0
281 315 363
281 369 317
281 449 45
281 463 158
282 3 53
282 27 181
282 62 113
282 98 42
282 100 258
282 123 -85
282 135 18
282 169 70
282 266 4
282 478 -64
283 33 291
283 61 -153
283 68 124
283 91 117
283 115 9
283 389 105
283 461 73
283 482 -27
284 5 -183
284 102 -53
284 117 -20
284 138 24
284 142 55
284 152 -175
284 225 -107
284 233 35
284 240 -193
284 393 -109
284 408 -42
284 434 -57
285 53 -97
285 61 -221
285 167 56
285 173 -52
285 181 78
285 205 51
285 260 40
285 268 -66
285 274 -203
285 365 -40
285 468 -128
285 470 -352
286 33 302
286 49 -27
286 72 328
286 74 2
286 104 172
286 111 260
286 163 290
286 305 109
286 333 178
286 420 164
286 424 235
286 497 51
287 21 -91
287 45 80
287 115 -183
287 237 35
287 249 94
287 258 -172
287 391 -92
288 20 295
288 153 146
288 195 310
288 267 298
289 1 -325
289 74 -241
289 82 76
289 287 126
289 321 203
289 326 -35
289 346 234
289 374 113
289 377 133
289 498 -199
290 30 17
290 113 121
290 135 136
290 192 128
290 212 -26
290 255 234
290 267 153
290 311 -86
290 314 -106
290 396 186
290 424 192
290 442 -10
291 6 192
291 99 -42
291 186 -78
291 206 51
291 255 192
291 380 -44
291 387 -228
291 398 -232
292 0 325
292 86 200
292 176 57
292 243 271
292 318 384
292 395 87
292 428 107
293 121 166
293 192 320
293 208 217
293 282 72
293 350 -33
293 356 -16
293 374 197
293 376 158
294 4 156
294 82 428
294 104 268
294 171 390
294 173 384
294 379 125
294 390 15
295 21 114
295 43 414
295 49 139
295 161 342
295 168 226
295 222 102
295 223 332
295 228 415
295 354 198
295 466 193
296 20 66
296 246 -11
296 276 210
296 318 130
296 419 53
297 14 -113
297 110 -226
297 330 106
298 141 313
298 153 151
298 178 370
298 354 75
298 370 370
298 409 199
298 443 173
298 470 -34
298 477 130
298 490 83
298 495 49
299 25 151
299 85 -51
299 145 -5
299 260 311
299 371 37
299 439 175
299 478 -43
300 52 80
300 72 149
300 117 352
300 127 214
300 139 160
300 167 248
300 188 90
300 227 176
300 332 -12
300 357 116
300 396 412
300 458 -2
300 492 49
301 64 -91
301 77 -206
301 111 101
301 150 -125
301 159 -77
301 174 -103
301 215 80
301 275 -202
301 294 -189
301 303 -51
301 326 -142
301 395 -101
301 435 129
301 484 -150
302 54 -94
302 165 -91
302 205 97
302 230 96
302 312 -232
302 437 179
302 466 -25
302 499 -55
303 6 221
303 95 239
303 120 257
303 141 204
303 153 62
303 168 205
303 180 335
303 204 179
303 214 -39
303 462 265
303 463 85
303 467 358
304 86 3
304 87 138
304 145 -93
304 198 23
304 336 24
304 357 99
304 397 252
305 30 49
305 52 -25
305 95 183
305 146 296
305 192 219
305 212 -29
305 369 124
305 389 -43
305 415 -37
305 492 32
306 78 197
306 99 192
306 143 46
306 255 289
306 304 306
306 344 105
307 5 13
307 16 -108
307 75 260
307 150 73
307 197 245
307 267 373
307 406 0
307 484 -65
308 215 394
308 224 251
308 285 376
308 303 245
308 350 23
309 8 256
309 19 195
309 94 203
309 113 353
309 117 324
309 120 389
309 121 163
309 143 56
309 179 11
309 347 101
309 464 139
310 96 175
310 198 167
310 295 69
310 345 -7
310 415 135
310 421 70
310 426 255
310 487 325
311 45 309
311 48 162
311 85 184
311 88 177
311 106 90
311 166 163
311 184 153
311 191 169
311 225 303
311 272 277
311 293 219
311 319 112
311 369 354
311 383 421
311 417 245
312 37 153
312 115 173
312 152 277
312 182 371
312 269 252
312 321 363
312 380 428
313 36 -94
313 125 11
313 129 31
313 156 -172
313 248 -233
313 324 -96
313 424 85
313 448 128
313 499 110
314 10 370
314 207 71
314 298 160
314 326 50
314 432 150
315 5 -86
315 10 63
315 62 -11
315 98 -172
315 134 -112
315 157 -121
315 160 -140
315 211 -56
315 250 -39
315 264 -100
315 282 -12
315 380 -76
316 82 189
316 95 -47
316 96 -137
316 214 -256
316 265 -86
316 309 -106
316 338 -189
316 340 -236
316 404 -62
316 412 -122
317 100 116
317 190 51
317 229 -200
317 305 -99
317 356 -34
317 380 6
317 448 156
317 472 -12
318 28 39
318 53 -180
318 146 83
318 248 -198
318 301 153
318 306 -246
318 330 -54
318 364 119
318 410 27
318 454 -200
319 33 476
319 37 148
319 86 108
319 92 272
319 109 373
319 125 383
319 232 309
319 240 214
319 262 287
319 425 289
319 471 7
320 6 261
320 86 68
320 138 392
320 284 269
320 285 385
320 322 149
321 43 -76
321 68 183
321 72 123
321 80 64
321 108 162
321 159 -23
321 197 117
321 373 -251
322 20 258
322 259 324
322 315 403
322 390 -51
322 477 -20
322 479 150
323 0 392
323 30 250
323 158 223
323 167 417
323 324 232
323 437 374
323 446 -46
324 9 240
324 20 289
324 22 248
324 97 255
324 129 192
324 170 -52
324 172 70
324 306 36
324 307 99
324 317 381
324 319 -82
324 443 150
324 454 23
325 22 104
325 130 26
325 136 -216
325 178 188
325 181 152
325 285 93
325 429 59
325 435 184
326 6 295
326 30 83
326 94 81
326 119 199
326 171 205
326 291 382
326 354 126
326 371 -41
327 22 495
327 58 251
327 114 222
327 331 203
327 374 328
327 404 242
327 425 256
327 480 375
327 499 297
328 79 18
328 94 -60
328 193 148
328 233 -113
328 263 -227
328 264 -173
328 279 2
328 327 -266
328 357 -56
328 384 -150
328 404 14
328 417 -115
328 449 -148
328 462 0
328 464 -230
329 21 -91
329 36 -66
329 69 153
329 111 82
329 126 -70
329 144 -40
329 202 193
329 266 -17
329 274 -142
329 301 157
329 366 104
329 388 24
330 9 68
330 98 35
330 172 -26
330 208 116
330 395 -232
330 411 -21
330 469 -113
330 484 -103
331 4 99
331 194 285
331 244 352
331 249 355
331 333 184
331 419 163
331 436 86
332 66 175
332 148 432
332 168 307
332 312 107
332 326 213
332 357 277
332 370 403
332 430 388
332 454 -47
332 468 159
333 16 21
333 40 121
333 188 -89
333 217 205
333 328 374
333 341 -43
333 385 20
333 442 -123
333 444 204
333 449 44
334 8 160
334 83 269
334 122 134
334 151 184
334 228 268
334 269 218
334 277 63
334 296 168
334 354 66
334 400 216
334 432 251
334 459 153
335 37 96
335 82 469
335 221 328
335 229 54
335 242 268
335 262 261
335 267 389
335 387 135
335 400 394
335 404 374
335 435 247
336 11 280
336 110 98
336 221 250
336 289 237
336 308 -40
336 355 39
336 480 156
336 491 29
337 37 -77
337 161 45
337 206 31
337 302 209
337 351 53
337 366 67
337 377 133
337 395 -174
337 462 151
338 53 215
338 219 435
338 269 306
338 273 275
338 289 422
338 294 57
338 353 312
338 394 534
338 399 522
338 441 263
339 55 455
339 65 506
339 68 426
339 72 435
339 190 484
339 214 207
339 230 374
339 248 30
339 316 536
339 369 212
339 370 295
339 376 214
340 13 347
340 103 171
340 133 94
340 168 211
340 365 189
340 383 414
340 385 293
340 471 31
340 480 369
341 105 343
341 203 191
341 293 123
341 335 179
341 338 -42
341 449 -17
342 20 349
342 25 366
342 40 227
342 47 305
342 49 7
342 123 178
342 124 501
342 252 141
342 261 201
342 359 251
342 374 364
342 385 208
342 389 288
342 417 266
343 30 -7
343 60 297
343 65 222
343 115 100
343 124 254
343 137 -127
343 157 31
343 219 346
343 249 329
343 335 12
343 446 -187
343 463 18
343 482 167
344 100 474
344 129 175
344 180 352
344 264 151
344 391 215
344 482 319
345 20 287
345 39 510
345 85 302
345 183 163
345 213 137
345 235 199
345 292 277
345 315 372
345 432 258
345 450 380
346 70 -30
346 81 13
346 111 48
346 155 -99
346 267 147
346 307 -142
346 433 -94
346 476 -241
347 14 310
347 15 180
347 61 9
347 110 128
347 140 222
347 288 134
347 312 -21
347 330 367
347 335 169
347 490 118
348 40 -85
348 45 120
348 54 18
348 79 112
348 119 199
348 137 -58
348 154 207
348 176 -129
348 413 -83
348 445 158
349 96 37
349 191 -293
349 197 139
349 205 174
349 221 28
349 229 -214
349 271 104
349 299 -15
349 308 -181
349 309 -205
349 325 144
349 338 -264
349 406 -71
349 451 131
349 486 131
349 497 -185
350 4 144
350 21 165
350 63 430
350 70 158
350 98 195
350 216 175
350 308 185
350 438 151
350 456 449
350 464 133
350 498 226
351 60 110
351 64 -98
351 75 47
351 97 -61
351 352 -232
352 37 168
352 92 172
352 106 79
352 125 420
352 197 378
352 213 143
352 276 496
352 297 504
352 311 18
352 315 512
352 334 190
352 377 459
352 398 213
353 49 -88
353 101 -101
353 154 223
353 164 65
353 199 -48
353 359 75
353 420 41
354 3 243
354 12 298
354 66 237
354 125 192
354 185 187
354 211 245
354 222 -41
354 264 109
354 301 257
354 305 258
354 335 168
354 340 167
354 349 363
355 86 0
355 113 135
355 250 182
355 255 180
355 278 220
355 314 13
356 137 83
356 166 68
356 191 -25
356 230 267
356 288 140
356 292 63
356 320 48
356 355 241
356 368 170
356 369 128
356 418 175
357 23 43
357 45 108
357 101 8
357 132 -99
357 168 49
357 200 -13
357 222 -94
357 346 354
357 415 163
358 19 157
358 101 112
358 158 214
358 204 246
358 307 72
358 317 240
358 381 219
358 391 83
358 401 124
358 446 54
358 484 93
359 30 103
359 79 288
359 141 244
359 148 188
359 161 1
359 163 247
359 295 -21
359 420 52
359 469 7
359 473 328
359 479 109
360 3 247
360 50 40
360 52 97
360 83 312
360 106 113
360 150 234
360 325 272
360 387 184
360 406 101
360 452 494
361 3 104
361 43 164
361 51 -94
361 89 -194
361 160 -105
361 216 -233
361 274 -146
361 327 -239
361 364 165
361 365 45
361 420 -79
361 443 -21
362 53 231
362 75 365
362 127 260
362 129 258
362 150 195
362 178 366
362 188 200
362 195 330
362 206 407
362 208 314
362 228 283
362 230 325
362 231 327
362 236 219
362 280 316
362 284 429
362 342 135
362 352 39
362 359 183
362 410 402
363 76 386
363 111 204
363 115 -6
363 118 245
363 203 72
363 204 204
363 235 -41
363 292 -77
363 321 205
363 322 106
363 356 42
363 370 124
364 65 235
364 273 19
364 279 0
364 338 -165
364 361 145
364 368 -16
364 450 2
364 461 3
365 1 -11
365 52 -27
365 73 32
365 104 30
365 177 332
365 241 66
365 305 139
365 324 12
365 344 -106
365 387 -27
365 437 301
366 1 -197
366 78 -103
366 84 -249
366 100 73
366 133 -171
366 194 25
366 250 -127
366 276 90
366 337 106
366 427 117
366 467 113
366 473 255
367 44 183
367 90 -105
367 115 -87
367 121 -116
367 147 91
367 182 119
367 276 218
367 398 -126
367 415 0
367 450 38
368 28 47
368 43 105
368 73 -75
368 81 285
368 236 62
368 283 141
368 334 -50
368 357 -56
368 375 309
368 442 -15
369 0 320
369 49 -178
369 64 -2
369 134 14
369 169 120
369 182 142
369 208 214
369 250 -3
369 289 148
369 388 5
369 409 171
369 460 -56
369 477 10
370 101 -101
370 137 -184
370 282 -16
370 291 90
370 362 -113
370 410 153
370 418 -108
370 446 -121
370 492 -77
371 41 163
371 71 343
371 141 371
371 280 247
371 366 400
371 448 342
371 490 89
372 16 81
372 158 331
372 188 166
372 217 355
372 230 401
372 241 300
372 243 243
372 252 180
372 297 369
372 322 179
372 458 250
373 43 243
373 50 168
373 94 365
373 126 91
373 173 416
373 235 122
373 367 325
373 372 101
373 418 136
373 432 326
373 440 220
373 445 488
374 17 14
374 39 87
374 60 63
374 92 22
374 108 203
374 111 96
374 300 -51
374 350 -202
374 376 -100
374 402 268
374 464 -234
375 70 -133
375 102 -90
375 105 18
375 178 -28
375 299 -154
375 319 -287
375 330 61
375 334 -167
375 382 -18
376 58 343
376 68 229
376 72 304
376 81 377
376 135 204
376 232 176
376 398 129
376 453 400
376 470 27
377 30 -78
377 52 -200
377 205 61
377 220 -48
377 279 10
377 361 116
377 431 42
378 22 95
378 68 104
378 113 44
378 138 155
378 145 -60
378 146 79
378 191 -292
378 195 -48
378 330 90
378 448 229
378 477 -168
379 57 421
379 81 296
379 102 30
379 111 277
379 116 180
379 173 265
379 182 305
379 276 272
379 416 131
379 481 269
380 4 -232
380 30 22
380 31 -87
380 103 25
380 119 155
380 213 -33
380 228 12
380 377 180
380 385 28
380 448 292
380 470 -188
381 147 267
381 153 68
381 187 278
381 231 232
381 233 272
381 243 223
381 280 181
381 307 97
381 363 130
381 376 169
381 389 227
381 409 266
381 410 211
381 457 113
381 469 -57
381 484 41
381 494 107
381 497 -13
382 15 73
382 66 117
382 180 320
382 222 -50
382 241 40
382 485 304
383 30 -119
383 31 -38
383 37 -128
383 70 -74
383 84 -289
383 85 -45
383 174 -248
383 201 -199
383 217 62
383 264 -72
383 299 51
383 336 29
383 374 42
384 42 34
384 90 -12
384 257 10
384 263 -58
384 328 240
384 380 221
384 454 -29
384 462 247
384 494 135
385 46 394
385 49 -56
385 81 312
385 111 122
385 236 124
385 360 -56
385 396 306
385 460 25
386 100 340
386 106 78
386 108 333
386 159 200
386 189 353
386 287 316
386 327 35
386 371 122
386 411 231
387 22 445
387 49 -67
387 51 128
387 106 -28
387 191 37
387 204 174
387 212 108
387 225 308
387 254 276
387 405 12
387 416 193
387 418 216
387 426 213
387 445 326
387 479 75
387 489 366
388 25 376
388 57 355
388 63 296
388 67 93
388 115 211
388 155 341
388 186 227
388 259 476
388 287 316
388 322 189
388 457 195
388 480 255
389 18 281
389 55 339
389 86 88
389 87 78
389 122 85
389 125 262
389 210 17
389 250 62
389 300 132
389 434 163
389 484 2
390 8 251
390 50 116
390 123 158
390 199 205
390 203 159
390 219 404
390 335 182
390 338 -19
390 357 157
390 381 180
390 409 385
390 431 423
390 459 236
390 468 225
391 22 427
391 124 306
391 150 142
391 169 271
391 201 25
391 220 38
391 251 151
391 341 131
391 492 92
392 13 196
392 81 182
392 111 128
392 337 187
393 32 95
393 38 49
393 111 376
393 164 417
393 173 316
393 181 366
393 235 19
393 398 126
393 415 147
393 419 198
394 22 20
394 48 -188
394 51 -185
394 76 95
394 139 -21
394 317 82
394 374 17
394 428 -183
394 448 126
395 22 424
395 91 290
395 96 238
395 201 109
395 291 308
395 318 513
395 381 172
395 411 188
395 425 158
395 498 61
396 128 -60
396 209 -88
396 279 -96
396 377 19
396 486 60
396 496 -157
397 0 119
397 10 38
397 53 -56
397 69 95
397 71 3
397 129 -77
397 136 -128
397 244 168
397 277 -279
397 328 153
397 407 143
397 438 -46
397 447 -110
398 86 100
398 238 125
398 304 158
398 331 102
398 358 139
398 432 357
398 476 48
398 494 119
399 38 -245
399 81 68
399 166 -282
399 225 -143
399 325 56
399 349 59
399 357 -67
399 359 -74
399 475 -8
399 476 -135
400 70 -59
400 109 69
400 129 -157
400 158 -207
400 204 -161
400 257 -88
400 284 64
400 285 38
400 292 -200
400 295 -223
400 351 -49
400 365 -113
400 394 17
400 421 -68
400 462 36
400 467 186
401 81 316
401 90 195
401 148 233
401 192 221
401 224 130
401 303 47
401 318 330
401 469 14
401 493 104
402 24 27
402 72 23
402 110 -139
402 124 37
402 193 143
402 215 -14
402 421 -220
402 439 -127
402 461 -102
402 478 -180
403 60 150
403 114 45
403 119 39
403 120 189
403 219 150
403 237 4
403 278 131
403 289 107
403 300 -137
403 408 -81
403 434 58
403 466 35
403 471 -212
404 54 -84
404 81 278
404 94 40
404 149 141
404 222 -53
404 231 214
404 266 32
404 268 157
404 287 163
404 353 195
404 398 13
404 425 -74
404 484 -87
405 17 397
405 36 127
405 134 177
405 158 245
405 187 332
405 243 298
405 245 347
405 261 91
405 299 277
405 325 490
405 334 185
405 361 468
405 385 240
405 438 271
405 473 398
406 5 79
406 7 150
406 49 65
406 66 250
406 109 224
406 335 151
406 340 37
406 346 408
406 353 304
406 370 175
406 463 175
406 465 30
407 43 39
407 90 -23
407 147 96
407 150 -129
407 163 99
407 201 -170
407 244 5
407 276 75
407 284 147
407 324 -201
407 400 187
407 405 -170
407 427 153
407 431 69
407 469 -345
407 498 -259
408 96 51
408 117 214
408 151 295
408 393 38
408 401 93
408 411 9
408 484 20
409 5 -56
409 79 310
409 178 169
409 288 -106
410 26 -221
410 45 153
410 49 -130
410 50 -86
410 103 -52
410 155 23
410 172 -71
410 186 -36
410 230 101
410 314 -117
410 347 -170
410 419 135
411 36 -53
411 54 173
411 103 278
411 236 156
411 316 342
411 325 344
411 372 100
411 394 353
411 400 367
411 444 416
411 466 199
412 21 35
412 117 288
412 146 258
412 251 79
412 284 435
412 291 294
412 316 442
413 36 -44
413 65 323
413 202 285
413 228 206
413 258 124
413 289 196
413 300 29
413 334 163
413 378 289
413 415 -16
414 114 26
414 125 12
414 132 -62
414 157 55
414 227 54
414 408 -51
414 464 -46
414 479 -88
414 495 -223
415 18 286
415 100 195
415 313 235
415 331 165
415 338 -11
415 378 339
415 384 22
415 389 163
415 457 175
415 471 -82
415 482 35
416 35 206
416 55 443
416 77 96
416 104 53
416 266 134
416 290 239
416 303 163
416 375 274
416 461 30
417 1 -79
417 19 106
417 84 -45
417 176 104
417 259 244
417 264 149
417 276 335
417 387 8
417 400 391
417 415 176
417 431 221
417 434 105
417 478 -28
418 96 211
418 140 198
418 166 58
418 179 35
418 183 27
418 201 217
418 243 186
418 332 145
418 372 -34
419 104 -62
419 129 22
419 149 109
419 211 129
419 289 273
419 349 158
419 368 54
419 420 91
419 468 -70
419 496 -18
420 45 233
420 70 150
420 90 20
420 110 103
420 151 193
420 343 85
420 363 152
421 5 189
421 90 88
421 91 198
421 127 156
421 219 344
421 258 160
421 302 306
421 339 -115
421 409 183
421 494 155
422 106 -13
422 179 29
422 212 109
422 358 46
422 373 -34
422 416 156
422 467 397
422 483 57
422 491 49
422 493 108
422 497 -44
423 8 254
423 66 94
423 116 143
423 217 156
423 293 138
423 360 -55
423 367 160
423 371 -80
423 402 275
423 457 129
424 17 62
424 44 140
424 102 6
424 229 -158
424 238 -116
424 274 -57
424 369 -12
424 405 -184
425 28 164
425 52 -58
425 54 70
425 55 368
425 118 305
425 228 141
425 248 -29
425 255 228
425 266 104
425 287 276
426 56 -1
426 72 186
426 84 -101
426 113 150
426 135 -61
426 174 -181
426 182 89
426 236 88
426 331 -60
426 339 -128
426 365 17
426 410 194
426 484 -79
427 3 -174
427 68 67
427 85 -43
427 99 -225
427 249 38
427 309 -129
427 311 -193
427 318 100
427 344 -275
427 370 -116
427 419 -32
427 422 -157
428 15 133
428 83 417
428 89 181
428 128 201
428 275 98
428 302 424
428 422 288
428 437 386
428 495 62
429 145 30
429 156 46
429 186 52
429 235 -71
429 252 -147
429 309 2
429 338 -100
429 379 102
429 445 261
430 14 -2
430 62 64
430 231 53
430 241 -102
430 299 -107
430 359 -18
430 421 -100
431 7 -44
431 17 160
431 88 -78
431 204 20
431 218 13
431 227 38
431 362 -72
431 396 250
431 463 -149
431 482 -62
432 41 68
432 49 -190
432 88 -42
432 153 83
432 223 146
432 237 97
432 244 119
432 300 32
432 307 -45
432 326 -29
432 336 -1
432 371 -85
432 457 40
432 497 -120
433 56 -50
433 73 -71
433 170 -130
433 171 230
433 196 192
433 206 78
433 330 156
433 406 -41
433 422 5
433 447 -28
433 456 215
434 91 7
434 146 327
434 185 27
434 264 91
434 279 97
434 318 288
434 364 251
434 417 71
434 468 114
434 481 103
434 490 -34
435 7 42
435 82 245
435 170 -231
435 258 -7
435 327 -198
435 328 202
435 386 -189
435 394 108
435 426 111
436 43 332
436 52 100
436 99 162
436 148 382
436 176 -9
436 435 314
436 454 -55
436 462 383
436 497 -11
437 33 165
437 64 -217
437 66 -71
437 80 8
437 270 -164
437 314 -102
437 372 -190
437 477 -261
438 4 -92
438 48 -4
438 52 113
438 125 207
438 153 178
438 198 177
438 226 235
438 376 16
438 477 -52
439 7 151
439 61 60
439 120 243
439 167 266
439 185 2
439 350 -69
440 48 -131
440 51 -149
440 171 181
440 204 -3
440 206 177
440 219 272
440 228 36
440 258 -41
440 306 -132
440 350 -180
440 351 155
440 406 -104
440 419 176
440 495 -128
441 37 -119
441 58 215
441 74 -31
441 137 -92
441 166 -74
441 177 231
441 253 223
441 296 231
441 300 -31
441 319 -24
441 341 -53
441 358 -37
441 375 204
441 418 -60
442 106 101
442 116 256
442 223 382
442 231 413
442 263 29
442 389 318
442 396 429
443 153 -30
443 241 85
443 246 131
443 335 -1
443 339 -117
443 368 101
443 416 -33
443 420 128
443 451 137
443 454 -151
443 499 144
444 64 -185
444 106 -218
444 119 49
444 121 -21
444 250 10
444 435 -67
444 478 -278
445 18 64
445 100 -34
445 106 -237
445 175 -65
445 197 147
445 259 158
445 337 78
445 375 160
445 379 -154
445 422 -166
445 434 -113
446 13 432
446 31 279
446 93 318
446 98 309
446 184 286
446 209 396
446 238 181
446 332 81
446 374 347
447 0 301
447 30 167
447 111 174
447 152 82
447 179 58
447 189 299
447 196 160
447 219 292
447 230 261
447 357 152
447 372 -83
447 411 127
447 431 205
448 21 -161
448 58 -13
448 119 49
448 121 -172
448 134 -143
448 158 -119
448 287 100
448 288 -247
448 291 7
448 436 -63
448 453 164
448 466 -90
449 69 414
449 84 131
449 140 197
449 143 102
449 161 161
449 169 335
449 242 317
449 281 66
449 373 9
450 90 132
450 152 103
450 176 20
450 205 216
450 217 81
450 228 216
450 235 -38
450 323 71
450 341 37
451 51 -202
451 115 -45
451 142 58
451 254 41
451 261 -164
451 270 -32
451 284 167
451 456 227
451 460 -26
451 469 -177
452 131 -84
452 221 -48
452 228 -95
452 287 11
452 434 -6
452 493 -9
453 15 -109
453 44 67
453 56 -97
453 97 -143
453 101 -195
453 110 -199
453 142 119
453 218 4
453 233 -101
453 260 166
453 306 -219
453 409 23
453 414 60
453 447 -191
454 54 182
454 96 201
454 128 217
454 162 296
454 192 403
454 272 348
454 275 70
454 310 221
454 406 158
454 462 390
454 466 289
454 473 569
454 484 36
455 16 -60
455 27 277
455 30 143
455 55 277
455 192 278
455 249 255
455 274 41
455 351 229
455 360 -95
456 11 148
456 31 -10
456 156 -308
456 174 -116
456 202 77
456 229 -152
456 243 -12
456 314 -111
456 421 -158
456 494 -88
456 496 -142
457 39 347
457 42 27
457 54 6
457 177 167
457 183 -50
457 189 328
457 320 104
457 474 144
458 47 154
458 160 149
458 255 455
458 273 156
458 304 182
458 337 279
458 339 69
458 365 136
458 454 50
458 477 27
459 23 25
459 72 184
459 142 326
459 151 204
459 245 142
459 332 32
459 377 145
459 393 0
459 432 66
459 470 -140
460 5 160
460 23 169
460 77 44
460 112 165
460 144 70
460 231 358
460 389 53
460 451 200
461 31 169
461 166 67
461 212 75
461 277 -47
461 304 115
461 392 150
461 411 116
461 428 -6
461 458 4
461 466 215
462 17 -12
462 106 -277
462 143 -215
462 144 -85
462 145 -269
462 160 -98
462 259 23
462 262 -91
462 265 -72
462 316 62
462 322 -147
463 76 286
463 124 311
463 137 107
463 165 -20
463 272 100
463 277 -2
463 313 186
463 342 -60
463 399 436
463 411 -4
464 140 256
464 185 140
464 186 210
464 261 170
464 279 387
464 284 362
464 304 274
464 377 493
464 389 289
464 401 284
464 431 371
464 442 99
465 91 108
465 115 118
465 134 26
465 176 139
465 185 190
465 186 169
465 199 54
465 255 381
465 268 135
465 289 311
465 292 121
465 309 39
465 316 407
465 351 328
465 437 356
465 441 157
466 63 246
466 66 167
466 111 188
466 148 289
466 228 279
466 235 58
466 255 187
466 256 104
466 303 129
466 319 -33
466 346 285
466 378 174
466 414 264
466 442 -43
466 450 117
466 495 -42
467 41 -28
467 75 149
467 170 -237
467 174 -159
467 184 -65
467 292 -219
467 458 -132
468 76 332
468 121 117
468 123 -35
468 183 -9
468 228 282
468 327 -19
468 378 229
468 383 369
468 405 -64
468 416 197
469 69 523
469 105 436
469 240 338
469 285 407
469 287 364
469 322 242
469 326 319
469 347 103
469 399 471
469 407 472
469 410 346
469 422 261
469 493 369
470 57 493
470 140 256
470 157 285
470 162 389
470 224 428
470 253 447
470 269 323
470 343 181
470 383 499
470 419 275
470 458 161
471 16 91
471 108 413
471 111 260
471 147 258
471 163 428
471 226 435
471 255 366
471 265 215
471 287 389
471 342 189
471 381 205
471 448 541
471 455 189
471 460 279
471 496 231
472 12 142
472 19 116
472 64 25
472 122 187
472 158 -12
472 202 405
472 204 98
472 241 55
472 374 199
472 383 186
472 460 2
473 4 -265
473 20 5
473 21 -184
473 31 -215
473 150 -181
473 191 -347
473 216 -312
473 404 -54
473 448 -11
473 466 -115
473 478 -159
473 479 -214
474 22 265
474 108 257
474 202 287
474 224 52
474 265 31
474 282 -35
474 333 -64
474 341 -80
474 352 -125
474 399 242
474 473 263
475 3 20
475 13 131
475 166 -130
475 211 -21
475 277 -217
475 287 48
475 328 188
475 362 -116
475 382 -38
475 412 -227
476 128 331
476 155 378
476 161 273
476 173 330
476 214 19
476 224 263
476 314 77
476 329 311
477 11 491
477 13 360
477 148 436
477 170 68
477 183 68
477 220 147
477 240 271
477 293 165
477 334 214
477 378 448
477 383 459
477 430 432
477 479 268
478 75 419
478 183 97
478 256 323
478 281 -7
478 283 365
478 289 324
478 293 110
478 295 87
478 310 56
478 337 307
478 343 262
478 358 119
478 389 300
478 410 400
478 442 97
478 447 205
479 67 95
479 88 89
479 214 -54
479 244 384
479 355 160
479 431 385
479 489 325
480 7 22
480 27 250
480 30 74
480 49 -63
480 124 178
480 168 91
480 174 -81
480 181 222
480 199 -5
480 267 257
480 302 227
480 328 167
480 424 91
480 438 40
480 467 134
480 485 111
480 496 -95
481 17 92
481 75 289
481 86 -101
481 101 -39
481 158 104
481 186 135
481 306 -52
481 370 73
481 412 -76
481 438 31
481 440 78
481 460 -42
482 48 -180
482 74 27
482 174 -59
482 205 369
482 226 133
482 232 183
482 285 356
482 292 47
482 351 164
482 375 279
482 450 147
482 463 -70
483 39 325
483 190 331
483 210 160
483 216 29
483 294 99
483 401 132
483 406 207
483 441 268
483 450 243
484 62 404
484 151 431
484 170 127
484 179 168
484 233 331
484 257 215
484 319 98
484 376 201
484 498 54
485 87 43
485 117 161
485 285 217
485 336 -17
485 351 11
485 455 42
485 479 -71
486 24 224
486 39 173
486 222 -206
486 327 -185
486 363 -128
486 408 -7
486 438 -199
487 15 -63
487 42 -149
487 110 -70
487 117 -11
487 155 49
487 273 -80
487 307 22
487 402 173
487 410 50
487 431 126
487 470 -252
487 491 -293
488 53 264
488 88 241
488 100 480
488 107 231
488 303 244
488 393 198
488 461 242
489 14 101
489 92 -18
489 163 207
489 267 135
489 400 135
489 492 -84
490 7 275
490 93 221
490 104 106
490 173 340
490 289 294
490 318 461
490 330 372
490 359 152
490 488 48
491 156 42
491 232 402
491 248 4
491 337 406
491 345 158
491 388 118
491 405 66
491 408 156
491 417 205
491 468 209
491 489 386
492 33 295
492 63 345
492 66 260
492 103 191
492 221 252
492 229 53
492 299 230
492 302 226
492 335 52
492 416 54
492 435 195
492 480 225
493 120 211
493 237 89
493 278 290
493 300 155
493 303 -39
493 372 -62
493 460 -31
494 20 248
494 48 5
494 82 301
494 107 -77
494 120 225
494 136 85
494 276 342
494 311 -146
494 312 -36
494 362 -95
494 393 6
494 394 361
495 2 407
495 56 243
495 61 226
495 117 291
495 194 344
495 195 264
495 313 418
495 372 156
495 374 361
495 410 314
496 47 150
496 107 107
496 232 294
496 350 87
496 362 148
496 378 413
496 403 210
496 411 7
496 478 166
497 27 331
497 41 247
497 137 99
497 196 280
497 280 429
497 330 444
497 338 7
497 382 326
497 386 13
497 428 132
498 121 250
498 145 43
498 216 -34
498 223 325
498 225 276
498 256 196
498 329 350
498 440 179
499 25 263
499 103 100
499 357 51
499 389 -23
499 434 42
499 491 -80
